Jimmy John's
5118 Anthony Wayne Drive
42.355864
-83.071506
1
1030
2200
1030
2200
1030
2200
1030
2200
1030
2400
1030
2400
1030
2400
3.5
(313) 823-7614
Salad 101
5122 Anthony Wayne Dr
42.355976
-83.071623
0
9999
9999
0900
2000
0900
2000
0900
2000
0900
2000
0900
2000
9999
9999
3.0
(313) 833-0000
Starbucks
695 Williams Mall
42.356514
-83.071856
1
9999
9999
0730
2200
0730
2200
0730
2200
0730
2200
0730
1700
1000
1600
3.0
(313) 577-4678
Einstein Bros Bagels
695 Williams Mall
42.356647
-83.071811
0
9999
9999
0730
1400
0730
1400
0730
1400
0730
1400
0730
1400
9999
9999
3
(313) 577-4848
Gold 'n' Greens
695 Williams Mall
42.356703
-83.071504
1
9999
9999
0800
1900
0800
1900
0800
1900
0800
1900
0800
1300
9999
9999
3
No Number
Subway
655 West Kirby
42.358160
-83.072036
1
9999
9999
1000
1600
1000
1600
1000
1600
1000
1600
1000
1600
9999
9999
3
(313) 577-5783
Byblos Cafe & Grill
87 W Palmer Ave
42.361436
-83.069349
0
9999
9999
0900
2100
0900
2100
0900
2100
0900
2100
0900
2100
1100
2100
3.5
(313) 831-4420
Circa
5474 Cass Ave
42.360464
-83.069056
0
1100
2600
1100
2600
1100
2600
1100
2500
1100
2600
1100
2600
1100
2600
3
(313) 831-1122
Campus Restaurant
5470 Cass Ave
42.360351
-83.068991
0
9999
9999
0700
2000
0700
2000
0700
2000
0700
2000
0700
1800
0800
1600
3
(313) 832-4817
Lefty's Lounge
5440 Cass Ave
42.359885
-83.068724
0
9999
9999
1500
2400
1500
2400
1500
2400
1500
2400
1500
2400
1500
2400
4.0
(313) 831-5338
LaPita Fresh
5056 Cass Ave
42.356675
-83.066786
0
1600
2100
1100
2100
1100
2100
1100
2100
1100
2100
1100
2100
1100
2200
3.5
(313) 831-4550
Olympic Grill
119 W Warren Ave
42.355923
-83.066251
0
0700
2000
0700
2000
0700
2000
0700
2000
0700
2000
0700
2000
0700
2000
3.5
(313) 832-5809
Epicurus Restaurant
111 W Warren Ave
42.355994
-83.066091
0
9999
9999
0700
1900
0700
1900
0700
1900
0700
1900
0700
1700
9999
9999
4.0
(313) 832-0133
Blimpie Subs & Salads
108 W Hancock St
42.355392
-83.065346
0
9999
9999
0800
2130
0800
2130
0800
2130
0800
2130
0800
2130
0800
2130
4.0
(313) 831-0711
Midtown Shangri-La
4710 Cass Ave
42.354023
-83.065297
0
9999
9999
1100
2100
1100
2100
1100
2100
1100
2100
1100
2200
1100
2200
4.0
(313) 974-7669
Cass Cafe
4620 Cass Ave
42.353628
-83.065067
0
1700
2500
1100
2600
1100
2600
1100
2600
1100
2600
1100
2600
1100
2600
4.0
(313) 831-1400
Go Sy Thai
W Canfield St
42.351662
-83.063855
0
1100
2100
1100
2100
1100
2100
1100
2100
1100
2100
1100
2100
1100
2100
5.0
(313) 638-1467
La Feria's
4130 Cass Ave
42.350298
-83.062889
0
9999
9999
1100
2300
1100
2300
1100
2300
1100
2300
1100
2400
1100
2400
3
No Number
Slows To Go
4107 Cass Ave
42.349751
-83.063061
0
1100
2000
1100
2000
1100
2000
1100
2100
1100
2100
1100
2200
1100
2200
4.0
(877) 569-7246
Old Miami
3930 Cass Ave
42.348863
-83.062449
0
1200
2600
1200
2600
1200
2600
1200
2600
1200
2600
1200
2600
1200
2600
4.5
(313) 831-3830
Detroit One Coney Island Restaurant
3433 Woodward Ave
42.345792
-83.057031
0
0100
1600
0600
0000
0000
0000
0000
0000
0000
0000
0000
0000
0000
0000
3.0
(313) 832-7380
China One
3750 Woodward Ave
42.349164
-83.058617
0
1100
2300
1100
2300
1100
2300
1100
2300
1100
2300
1100
2300
1100
2300
3.0
(313) 832-1111
Subway
3750 Woodward Ave
42.349232
-83.058638
0
0900
2200
0700
2200
0700
2200
0700
2200
0700
2200
0700
2200
0800
2200
3
(313) 833-8223
The Grille Midtown
3919 Woodward Ave
42.349830
-83.059513
0
9999
9999
1100
2200
1100
2200
1100
2200
1100
2200
1100
2200
1700
2300
3
(313) 832-0892
Chartreuse
3965 Woodward Ave
42.350243
-83.060344
0
9999
9999
1100
1600
1100
2200
1100
2200
1100
2200
1100
2200
1100
2200
3
(405) 971-4523
Sargent Pepperoni's Pizza Center
4120 Woodward Ave
42.351131
-83.060103
0
1100
2600
1100
2600
1100
2600
1100
2600
1100
2600
1100
2600
1100
2600
3
(313) 8333-7272
The Majestic Cafe
4140 Woodward Ave
42.351329
-83.060253
0
0900
2200
9999
9999
1100
2215
1100
2215
1100
2215
1000
2400
1000
2400
3
(313) 833-9700
Union Street
4145 Woodward Ave
42.351282
-83.060602
0
1120
2100
1130
2200
1130
2200
1130
2200
1130
2200
1130
2530
1200
2530
3.5
(313) 831-3965
Midtown Zef's
4160 Woodward Ave
42.351619
-83.060444
0
9999
9999
0700
1700
0700
1700
0700
1700
0700
1700
0700
1700
0800
1600
3
(313) 831-1210
Passport Pizza 'N' Ribs
4200 Woodward Ave
42.351948
-83.060650
0
1000
2600
1000
2400
1000
2400
1000
2400
1000
2400
1000
2600
1000
2600
3.5
(313) 494-5200
Gourmet Fresh Xpress
4206 Woodward Ave
42.352090
-83.060779
0
9999
9999
1100
2100
1100
2100
1100
2100
1100
2100
1100
2100
1100
1600
3
(313) 833-5933
Bangkok Cuisine Express
4216 Woodward Ave
42.352162
-83.060822
0
1200
1800
1100
2100
1100
2100
1100
2100
1100
2100
1100
2100
1200
2100
3.0
(313) 832-3408
McDonald's
4235 Woodward Ave
42.352043
-83.061530
0
0000
0000
0000
0000
0000
0000
0000
0000
0000
0000
0000
0000
0000
0000
3.5
(313) 832-2449
The Whitney
4421 Woodward Ave
42.352816
-83.061879
0
1100
2000
0800
2200
0800
2200
0800
2200
0800
2200
0800
2200
1700
2200
3.5
(313) 832-5700
Fatburger
4501 Woodward Ave
42.353343
-83.062356
0
1000
2400
1000
2400
1000
2400
1000
2400
1000
2400
0000
0000
0000
0000
3
(313) 832-0999
BIGGBY COFFEE
4501 Woodward Ave
42.353628
-83.062447
0
0700
2100
0600
2100
0600
2100
0600
2100
0600
2100
0600
2100
0700
2100
4.0
(313) 831-9176
Starter's Bar & Grill
4501 Woodward Ave
42.353973
-83.062807
0
1100
2500
1100
2530
1100
2530
1100
2530
1100
2530
1100
2530
1100
2530
4.5
(313) 831-3100
The Potato Places
107 W Warren Ave
42.356435
-83.064985
0
9999
9999
0730
1900
0730
1900
0730
1900
0730
1900
0730
1900
1000
1700
4.5
(313) 833-8948
Domino's Pizza
5564 Woodward Ave
42.362020
-83.066867
0
1000
2330
1000
2330
1000
2330
1000
2330
1000
2330
1000
2330
1000
2330
3.5
(313) 832-2100
Quiznos
3990 John R
42.351433
-83.057696
0
0900
1700
0700
1900
0700
1900
0700
1900
0700
1900
0700
1900
0900
1700
3.0
(313) 831-3400
Wendys
3990 John R
42.351703
-83.056516
0
0600
2700
0600
2700
0600
2700
0600
2700
0600
2700
0600
2700
0600
2700
3.5
(313) 832-7676
Lapalma
113 E Canfield St
42.353598
-83.059573
0
9999
9999
1100
2000
1100
2000
1100
2000
1100
2000
1100
2000
1100
1500
3.0
(313) 833-5000
Seva Detroit
66 E Forest Ave
42.355001
-83.061440
0
1100
2100
1100
2100
1100
2100
1100
2100
1100
2100
1100
2300
1100
2300
4.5
(313) 974-6661
International Cafe
111 E Kirby St
42.360955
-83.064573
0
9999
9999
1100
1430
1100
1430
1100
1430
1100
1430
1100
1430
9999
9999
3.0
(313) 874-2103
Little Caesars Pizza
530 E Warren Ave
42.359050
-83.058757
0
1200
2200
1100
2200
1100
2200
1100
2200
1100
2200
1100
2400
1100
2400
3.0
(313) 832-2200
Subway
4201 St Antoine St
42.352946
-83.053865
0
0000
0000
0000
0000
0000
0000
0000
0000
0000
0000
0000
0000
0000
0000
3.0
(313) 831-8142
Royal Grill Restaurant
540 E Warren Ave
42.358733
-83.057577
0
9999
9999
0700
1900
0700
1900
0700
1900
0700
1900
0700
1900
0800
1900
3.0
(313) 831-3555
China House
550 E Warren Ave
42.359685
-83.057288
0
1100
2300
1100
2300
1100
2300
1100
2300
1100
2300
1100
2300
1100
2300
3.0
(313) 831-8888
Subway
500 E Warren Ave
42.359685
-83.057288
0
0900
2100
0800
2100
0800
2100
0800
2100
0800
2100
0800
2100
0900
2100
3.0
(313) 832-4410
Firewater Bar & Grill Inc
6521 John R St
42.370180
-83.070602
0
0300
2400
9999
9999
1100
2600
1100
2600
1100
2600
1100
2600
1100
2600
4.5
(313) 872-0812

